0 1 0 137 151 178 134
1 1 0 120 152 177 119
2 1 0 136 128 127 138
3 1 0 115 89 139 112
4 1 0 86 15 16 105
5 1 0 148 129 125 130
6 1 0 24 120 87 23
7 1 0 148 94 121 129
8 1 0 62 131 98 61
9 1 0 90 133 138 132
10 1 0 88 108 112 139
11 1 0 107 117 118 111
12 1 0 106 107 108 88
13 1 0 107 106 87 117
14 1 0 129 121 93 122
15 1 0 129 122 124 125
16 1 0 108 107 111 109
17 1 0 120 119 117 87
18 1 0 91 127 123 140
19 1 0 127 91 132 138
20 1 0 138 133 135 136
21 1 0 122 123 126 124
22 1 0 99 70 71 94
23 1 0 140 123 122 93
24 1 0 105 16 17 92
25 1 0 114 18 19 89
26 1 0 106 22 23 87
27 1 0 121 72 73 93
28 1 0 132 76 77 90
29 1 0 140 74 75 91
30 1 0 78 137 90 77
31 1 0 88 21 22 106
32 1 0 92 17 18 114
33 1 0 94 71 72 121
34 1 0 115 112 110 113
35 1 0 91 75 76 132
36 1 0 21 88 139 20
37 1 0 89 19 20 139
38 1 0 93 73 74 140
39 1 0 133 90 137 134
40 1 0 15 86 141 14
41 1 0 128 126 123 127
42 1 0 109 110 112 108
43 1 0 8 142 97 7
44 1 0 14 141 85 13
45 1 0 131 62 63 79
46 1 0 9 83 142 8
47 1 0 104 102 101 100
48 1 0 11 84 144 10
49 1 0 13 85 143 12
50 1 0 12 143 84 11
51 1 0 10 144 83 9
52 1 0 69 82 147 68
53 1 0 64 146 79 63
54 1 0 66 145 80 65
55 1 0 67 81 145 66
56 1 0 65 80 146 64
57 1 0 130 104 100 148
58 1 0 68 147 81 67
59 1 0 101 82 99 100
60 1 0 94 148 100 99
61 1 0 70 99 82 69
62 1 0 103 116 161 155
63 1 0 116 103 164 156
64 1 0 113 116 156 115
65 1 0 164 92 114 156
66 1 0 102 103 155 101
67 1 0 161 81 147 155
68 1 0 26 27 149 96
69 1 0 57 58 150 95
70 1 0 56 171 78 5
71 1 0 25 172 24 1
72 1 0 60 173 28 2
73 1 0 59 0 6 174
74 1 0 89 115 156 114
75 1 0 82 101 155 147
76 1 0 153 98 131 175
77 1 0 154 97 142 176
78 1 0 169 141 86 170
79 1 0 165 105 92 164
80 1 0 168 85 141 169
81 1 0 125 124 167 168
82 1 0 124 126 166 167
83 1 0 116 113 160 161
84 1 0 113 110 159 160
85 1 0 110 109 157 159
86 1 0 126 128 163 166
87 1 0 128 136 162 163
88 1 0 109 111 158 157
89 1 0 157 146 80 159
90 1 0 146 157 158 79
91 1 0 159 80 145 160
92 1 0 169 170 104 130
93 1 0 160 145 81 161
94 1 0 144 163 162 83
95 1 0 165 164 103 102
96 1 0 163 144 84 166
97 1 0 168 169 130 125
98 1 0 143 167 166 84
99 1 0 85 168 167 143
100 1 0 105 165 170 86
101 1 0 102 104 170 165
102 1 0 133 134 178 135
103 1 0 117 119 177 118
104 1 0 26 96 177 152
105 1 0 57 95 178 151
106 1 0 58 59 174 150
107 1 0 27 28 173 149
108 1 0 26 152 172 25
109 1 0 57 151 171 56
110 1 0 61 98 173 60
111 1 0 7 97 174 6
112 1 0 154 150 174 97
113 1 0 153 149 173 98
114 1 0 24 172 152 120
115 1 0 78 171 151 137
116 1 0 178 154 176 135
117 1 0 177 153 175 118
118 1 0 111 118 175 158
119 1 0 136 135 176 162
120 1 0 149 153 177 96
121 1 0 150 154 178 95
122 1 0 79 158 175 131
123 1 0 83 162 176 142
124 1 1 195 234 211 213
125 1 1 234 191 209 211
126 1 1 217 74 73 244
127 1 1 74 217 191 75
128 1 1 62 61 194 224
129 1 1 238 186 227 225
130 1 1 43 182 214 42
131 1 1 202 204 244 184
132 1 1 225 221 188 238
133 1 1 199 197 189 196
134 1 1 184 233 198 202
135 1 1 182 43 44 218
136 1 1 68 232 196 69
137 1 1 71 233 184 72
138 1 1 239 214 215 216
139 1 1 221 225 226 223
140 1 1 223 222 220 221
141 1 1 42 214 239 41
142 1 1 69 196 189 70
143 1 1 233 71 70 189
144 1 1 186 237 229 227
145 1 1 210 212 213 211
146 1 1 236 193 49 50
147 1 1 225 227 228 226
148 1 1 195 77 76 234
149 1 1 186 37 38 237
150 1 1 193 235 48 49
151 1 1 211 209 207 210
152 1 1 224 179 63 62
153 1 1 65 180 240 66
154 1 1 244 73 72 184
155 1 1 235 185 47 48
156 1 1 234 76 75 191
157 1 1 218 44 45 190
158 1 1 232 68 67 181
159 1 1 181 67 66 240
160 1 1 227 229 230 228
161 1 1 209 206 205 207
162 1 1 191 217 206 209
163 1 1 221 220 219 188
164 1 1 206 204 203 205
165 1 1 233 189 197 198
166 1 1 188 35 36 238
167 1 1 37 186 238 36
168 1 1 237 38 39 242
169 1 1 40 187 242 39
170 1 1 204 202 201 203
171 1 1 232 181 241 246
172 1 1 187 40 41 239
173 1 1 200 201 202 198
174 1 1 216 243 187 239
175 1 1 237 242 245 229
176 1 1 204 206 217 244
177 1 1 242 187 243 245
178 1 1 35 188 219 34
179 1 1 196 232 246 199
180 1 1 265 255 228 230
181 1 1 261 256 197 199
182 1 1 260 254 245 243
183 1 1 262 258 203 201
184 1 1 181 240 265 241
185 1 1 228 231 267 226
186 1 1 214 182 268 215
187 1 1 31 192 248 30
188 1 1 54 183 250 53
189 1 1 33 270 32 3
190 1 1 60 2 29 271
191 1 1 78 272 55 5
192 1 1 51 4 52 273
193 1 1 65 266 255 180
194 1 1 266 253 267 231
195 1 1 45 269 258 190
196 1 1 64 63 179 253
197 1 1 229 245 254 230
198 1 1 198 197 256 200
199 1 1 46 47 185 257
200 1 1 205 203 258 208
201 1 1 251 274 224 194
202 1 1 252 275 193 236
203 1 1 254 260 246 241
204 1 1 256 261 216 215
205 1 1 243 216 261 260
206 1 1 260 261 199 246
207 1 1 258 262 218 190
208 1 1 268 262 201 200
209 1 1 207 263 264 210
210 1 1 185 235 264 263
211 1 1 255 265 240 180
212 1 1 253 266 65 64
213 1 1 259 223 226 267
214 1 1 262 268 182 218
215 1 1 257 269 45 46
216 1 1 208 263 207 205
217 1 1 249 213 212 277
218 1 1 247 220 222 276
219 1 1 31 247 276 192
220 1 1 54 249 277 183
221 1 1 259 267 253 179
222 1 1 241 265 230 254
223 1 1 228 255 266 231
224 1 1 215 268 200 256
225 1 1 208 257 185 263
226 1 1 257 208 258 269
227 1 1 30 248 271 29
228 1 1 54 55 272 249
229 1 1 53 250 273 52
230 1 1 31 32 270 247
231 1 1 61 60 271 194
232 1 1 77 195 272 78
233 1 1 50 51 273 236
234 1 1 34 219 270 33
235 1 1 251 194 271 248
236 1 1 220 247 270 219
237 1 1 213 249 272 195
238 1 1 252 236 273 250
239 1 1 276 222 274 251
240 1 1 277 212 275 252
241 1 1 223 259 274 222
242 1 1 210 264 275 212
243 1 1 248 192 276 251
244 1 1 250 183 277 252
245 1 1 179 224 274 259
246 1 1 235 193 275 264
