0 0.0000 0.0000 -1
1 2.0000 0.0000 -1
2 2.0000 0.5000 0
3 2.0000 1.0000 0
4 0.0000 1.0000 0
5 0.0000 0.5000 0
6 0.1000 0.0000 -1
7 0.2000 0.0000 -1
8 0.3000 0.0000 -1
9 0.4000 0.0000 -1
10 0.5000 0.0000 -1
11 0.6000 0.0000 -1
12 0.7000 0.0000 -1
13 0.8000 0.0000 -1
14 0.9000 0.0000 -1
15 1.0000 0.0000 -1
16 1.1000 0.0000 -1
17 1.2000 0.0000 -1
18 1.3000 0.0000 -1
19 1.4000 0.0000 -1
20 1.5000 0.0000 -1
21 1.6000 0.0000 -1
22 1.7000 0.0000 -1
23 1.8000 0.0000 -1
24 1.9000 0.0000 -1
25 2.0000 0.1000 0
26 2.0000 0.2000 0
27 2.0000 0.3000 0
28 2.0000 0.4000 0
29 2.0000 0.6000 0
30 2.0000 0.7000 0
31 2.0000 0.8000 0
32 2.0000 0.9000 0
33 1.9000 1.0000 0
34 1.8000 1.0000 0
35 1.7000 1.0000 0
36 1.6000 1.0000 0
37 1.5000 1.0000 0
38 1.4000 1.0000 0
39 1.3000 1.0000 0
40 1.2000 1.0000 0
41 1.1000 1.0000 0
42 1.0000 1.0000 0
43 0.9000 1.0000 0
44 0.8000 1.0000 0
45 0.7000 1.0000 0
46 0.6000 1.0000 0
47 0.5000 1.0000 0
48 0.4000 1.0000 0
49 0.3000 1.0000 0
50 0.2000 1.0000 0
51 0.1000 1.0000 0
52 0.0000 0.9000 0
53 0.0000 0.8000 0
54 0.0000 0.7000 0
55 0.0000 0.6000 0
56 0.0000 0.4000 0
57 0.0000 0.3000 0
58 0.0000 0.2000 0
59 0.0000 0.1000 0
60 1.9000 0.5000 0
61 1.8000 0.5000 0
62 1.7000 0.5000 0
63 1.6000 0.5000 0
64 1.5000 0.5000 0
65 1.4000 0.5000 0
66 1.3000 0.5000 0
67 1.2000 0.5000 0
68 1.1000 0.5000 0
69 1.0000 0.5000 0
70 0.9000 0.5000 0
71 0.8000 0.5000 0
72 0.7000 0.5000 0
73 0.6000 0.5000 0
74 0.5000 0.5000 0
75 0.4000 0.5000 0
76 0.3000 0.5000 0
77 0.2000 0.5000 0
78 0.1000 0.5000 0
79 1.6326 0.4174 0
80 1.4357 0.4178 0
81 1.2341 0.4168 0
82 1.0346 0.4147 0
83 0.3672 0.0828 0
84 0.5642 0.0822 0
85 0.7642 0.0822 0
86 0.9648 0.0823 0
87 1.7583 0.0878 0
88 1.5657 0.0862 0
89 1.3664 0.0851 0
90 0.2414 0.4124 0
91 0.4335 0.4140 0
92 1.1649 0.0832 0
93 0.6344 0.4137 0
94 0.8345 0.4139 0
95 0.0811 0.2474 0
96 1.9190 0.2527 0
97 0.1796 0.0869 0
98 1.8204 0.4132 0
99 0.9329 0.4141 0
100 0.9476 0.3291 0
101 1.0469 0.3303 0
102 1.0456 0.2470 0
103 1.1478 0.2490 0
104 0.9454 0.2460 0
105 1.0666 0.0825 0
106 1.6654 0.0861 0
107 1.6495 0.1706 0
108 1.5526 0.1712 0
109 1.5541 0.2547 0
110 1.4529 0.2543 0
111 1.6511 0.2529 0
112 1.4529 0.1706 0
113 1.3519 0.2530 0
114 1.2673 0.0841 0
115 1.3528 0.1693 0
116 1.2504 0.2511 0
117 1.7420 0.1680 0
118 1.7435 0.2469 0
119 1.8061 0.1646 0
120 1.8384 0.1064 0
121 0.7328 0.4138 0
122 0.6484 0.3284 0
123 0.5467 0.3286 0
124 0.6453 0.2451 0
125 0.7467 0.2453 0
126 0.5448 0.2454 0
127 0.4466 0.3293 0
128 0.4453 0.2460 0
129 0.7464 0.3289 0
130 0.8459 0.2457 0
131 1.7261 0.4157 0
132 0.3329 0.4144 0
133 0.2590 0.3322 0
134 0.1941 0.3354 0
135 0.2570 0.2533 0
136 0.3498 0.2480 0
137 0.1617 0.3937 0
138 0.3482 0.3308 0
139 1.4710 0.0855 0
140 0.5291 0.4141 0
141 0.8664 0.0821 0
142 0.2737 0.0844 0
143 0.6660 0.0820 0
144 0.4667 0.0822 0
145 1.3331 0.4175 0
146 1.5334 0.4180 0
147 1.1314 0.4159 0
148 0.8449 0.3293 0
149 1.9172 0.3187 0
150 0.0829 0.1813 0
151 0.0946 0.3534 0
152 1.9055 0.1467 0
153 1.8311 0.3258 0
154 0.1690 0.1744 0
155 1.1465 0.3323 0
156 1.2521 0.1677 0
157 1.5508 0.3363 0
158 1.6458 0.3347 0
159 1.4500 0.3361 0
160 1.3487 0.3352 0
161 1.2462 0.3339 0
162 0.3528 0.1657 0
163 0.4503 0.1643 0
164 1.1509 0.1661 0
165 1.0503 0.1648 0
166 0.5493 0.1637 0
167 0.6493 0.1636 0
168 0.7496 0.1636 0
169 0.8500 0.1638 0
170 0.9513 0.1642 0
171 0.0614 0.4114 0
172 1.9386 0.0886 0
173 1.9096 0.4079 0
174 0.0904 0.0921 0
175 1.7389 0.3302 0
176 0.2610 0.1701 0
177 1.8435 0.2267 0
178 0.1567 0.2734 0
179 1.6336 0.5828 0
180 1.3612 0.5757 0
181 1.2042 0.5813 0
182 0.8956 0.9186 0
183 0.0818 0.7584 0
184 0.7050 0.5857 0
185 0.4735 0.9186 0
186 1.4979 0.9133 0
187 1.1940 0.9155 0
188 1.6982 0.9150 0
189 0.9050 0.5849 0
190 0.7327 0.9254 0
191 0.4019 0.5858 0
192 1.9192 0.7402 0
193 0.2747 0.9158 0
194 1.8194 0.5863 0
195 0.2031 0.5853 0
196 1.0063 0.5842 0
197 0.9232 0.6689 0
198 0.8233 0.6700 0
199 1.0246 0.6675 0
200 0.8505 0.7540 0
201 0.7486 0.7576 0
202 0.7225 0.6713 0
203 0.6444 0.7604 0
204 0.6201 0.6725 0
205 0.5372 0.7590 0
206 0.5166 0.6725 0
207 0.4306 0.7557 0
208 0.5559 0.8428 0
209 0.4135 0.6711 0
210 0.3286 0.7525 0
211 0.3130 0.6691 0
212 0.2337 0.7494 0
213 0.2163 0.6683 0
214 0.9939 0.9172 0
215 0.9765 0.8346 0
216 1.0759 0.8331 0
217 0.5049 0.5861 0
218 0.7991 0.9222 0
219 1.7961 0.9144 0
220 1.7850 0.8309 0
221 1.6888 0.8301 0
222 1.7681 0.7492 0
223 1.6756 0.7467 0
224 1.7264 0.5839 0
225 1.5892 0.8265 0
226 1.5794 0.7409 0
227 1.4851 0.8235 0
228 1.4640 0.7177 0
229 1.3798 0.8253 0
230 1.3499 0.7368 0
231 1.5024 0.6578 0
232 1.1076 0.5830 0
233 0.8078 0.5852 0
234 0.3042 0.5850 0
235 0.3731 0.9174 0
236 0.1818 0.9133 0
237 1.3945 0.9133 0
238 1.5965 0.9137 0
239 1.0918 0.9164 0
240 1.2969 0.5770 0
241 1.2228 0.6621 0
242 1.2927 0.9145 0
243 1.1750 0.8317 0
244 0.6069 0.5861 0
245 1.2749 0.8291 0
246 1.1256 0.6655 0
247 1.8807 0.8248 0
248 1.9178 0.6786 0
249 0.1200 0.6741 0
250 0.0830 0.8206 0
251 1.8350 0.6698 0
252 0.1665 0.8289 0
253 1.5424 0.5844 0
254 1.2494 0.7445 0
255 1.3963 0.6312 0
256 0.9503 0.7519 0
257 0.5729 0.9223 0
258 0.6726 0.8630 0
259 1.6574 0.6647 0
260 1.1500 0.7481 0
261 1.0502 0.7502 0
262 0.7780 0.8428 0
263 0.4515 0.8380 0
264 0.3505 0.8350 0
265 1.3169 0.6533 0
266 1.4649 0.6003 0
267 1.5676 0.6620 0
268 0.8756 0.8372 0
269 0.6427 0.9262 0
270 1.8954 0.9093 0
271 1.9095 0.5915 0
272 0.1045 0.5904 0
273 0.0910 0.9081 0
274 1.7475 0.6671 0
275 0.2556 0.8320 0
276 1.8562 0.7533 0
277 0.1469 0.7444 0
